{
  "file_info": {
    "path": "/Users/manojveluchuri/saas/workflow/workflow-audio/uploads/billie_jean.mp3",
    "filename": "billie_jean.mp3",
    "analysis_timestamp": 1751951234.551313
  },
  "analysis": {
    "basic": {
      "loudness_features": {
        "integrated_lufs": -11.33031940460205,
        "loudness_range_lu": 2.09183406829834,
        "max_momentary_lufs": null,
        "max_short_term_lufs": null,
        "true_peak_dbtp": null
      },
      "acousticness": 0.770455844458018,
      "instrumentalness": 0.00044005817967160963,
      "liveness": 0.006680473278313517,
      "speechiness": 0.003797098923444431,
      "brightness": 0.1069404484049479,
      "complexity": 0.2888371318413152,
      "warmth": 0.579277269718382,
      "valence": 0.65914748,
      "harmonic_strength": 0.5622583826382954,
      "key": "F#",
      "mode": 0,
      "tempo": 117.41787719726562,
      "danceability": 0.3965591721236706,
      "energy": 0.35160175785422326,
      "loudness": -11.33031940460205,
      "duration_ms": 27792,
      "time_signature": 4,
      "raw_features": {
        "spectral": {
          "centroid": {
            "mean": 1474.9385986328125,
            "var": 787753.375,
            "min": 145.95477294921875,
            "max": 11223.11328125
          },
          "rolloff": {
            "mean": 1744.155029296875,
            "var": 5460582.5
          },
          "spread": {
            "mean": 6478687.0,
            "var": 5146316636160.0
          },
          "entropy": {
            "mean": 7.781481742858887,
            "var": 0.22051356732845306
          },
          "complexity": {
            "mean": 15.815526008605957,
            "var": 136.08212280273438
          },
          "flux": {
            "mean": 0.08423934131860733,
            "var": 0.002843015594407916
          },
          "kurtosis": {
            "mean": 2.0622923374176025,
            "var": 3.6245014667510986
          },
          "skewness": {
            "mean": 1.2380532026290894,
            "var": 0.19626902043819427
          },
          "decrease": {
            "mean": -7.292659365276677e-09,
            "var": 3.234911469792779e-17
          },
          "energy": {
            "mean": 0.03001658245921135,
            "var": 0.000532762031070888
          },
          "energyband": {
            "low": {
              "mean": 0.018950719386339188,
              "var": 0.00037493795389309525
            },
            "middle_low": {
              "mean": 0.006702818907797337,
              "var": 7.323767204070464e-05
            },
            "middle_high": {
              "mean": 0.0032517798244953156,
              "var": 2.1215088054304942e-05
            },
            "high": {
              "mean": 0.00231991708278656,
              "var": 1.670726305746939e-05
            }
          }
        },
        "rhythm": {
          "bpm": 117.41787719726562,
          "bpm_histogram_first_peak_bpm": 117.0,
          "bpm_histogram_second_peak_bpm": 112.0,
          "danceability": 1.1525284051895142,
          "onset_rate": 4.063886642456055,
          "beats_loudness": {
            "mean": 0.046914320439100266,
            "var": 0.00020994574879296124
          },
          "beats_position": 0.4527890980243683
        },
        "tonal": {
          "key_krumhansl": {
            "key": "F#",
            "scale": "minor",
            "strength": 0.6970977187156677
          },
          "key_temperley": {
            "key": "F#",
            "scale": "minor",
            "strength": 0.7270656824111938
          },
          "chords_changes_rate": 0.07333333045244217,
          "chords_strength": {
            "mean": 0.5477409958839417,
            "var": 0.0037399372085928917
          },
          "hpcp": {
            "mean": 0.12751799821853638,
            "var": 0.054982174187898636
          },
          "thpcp": {
            "mean": null,
            "var": null
          }
        },
        "dynamics": {
          "dynamic_complexity": 2.7566375732421875,
          "loudness_ebu128": {
            "integrated": -11.33031940460205,
            "loudness_range": 2.09183406829834,
            "momentary": null,
            "short_term": null
          },
          "silence_rate_20dB": {
            "mean": 1.0,
            "var": 0.0
          },
          "silence_rate_30dB": {
            "mean": 0.9983305335044861,
            "var": 0.0016666387673467398
          },
          "silence_rate_60dB": {
            "mean": 0.022537562996149063,
            "var": 0.0220295749604702
          }
        },
        "mfcc": {
          "mean": -646.7222290039062,
          "var": null,
          "cov": [
            [
              5507.185546875,
              -1465.8240966796875,
              -432.0184020996094,
              -64.59275817871094,
              63.72397232055664,
              -143.9092559814453,
              -168.03929138183594,
              -188.50209045410156,
              -91.16277313232422,
              -115.62891387939453,
              -12.389991760253906,
              -49.14506912231445,
              65.16939544677734
            ],
            [
              -1465.8240966796875,
              1282.5267333984375,
              -37.8209114074707,
              -58.28313064575195,
              -27.05165672302246,
              103.71086883544922,
              118.96656799316406,
              77.53217315673828,
              14.84646224975586,
              75.3416976928711,
              8.341391563415527,
              13.996828079223633,
              -24.64244842529297
            ],
            [
              -432.0184020996094,
              -37.8209114074707,
              636.709228515625,
              104.8887939453125,
              26.64365577697754,
              26.011037826538086,
              49.15793228149414,
              66.74916076660156,
              53.454124450683594,
              -4.404845714569092,
              25.37360954284668,
              31.77073860168457,
              4.325958728790283
            ],
            [
              -64.59275817871094,
              -58.28313064575195,
              104.8887939453125,
              343.04107666015625,
              116.33848571777344,
              18.8660888671875,
              -30.79123878479004,
              45.29127883911133,
              45.81022644042969,
              7.290670394897461,
              1.6453787088394165,
              29.419679641723633,
              17.28423309326172
            ],
            [
              63.72397232055664,
              -27.05165672302246,
              26.64365577697754,
              116.33848571777344,
              228.30897521972656,
              33.141822814941406,
              6.5493645668029785,
              24.038475036621094,
              41.968624114990234,
              18.59341049194336,
              13.896645545959473,
              1.8686928749084473,
              22.469823837280273
            ],
            [
              -143.9092559814453,
              103.71086883544922,
              26.011037826538086,
              18.8660888671875,
              33.141822814941406,
              187.36709594726562,
              89.96428680419922,
              28.529706954956055,
              12.372638702392578,
              43.7559928894043,
              14.567398071289062,
              -5.7203755378723145,
              -12.982303619384766
            ],
            [
              -168.03929138183594,
              118.96656799316406,
              49.15793228149414,
              -30.79123878479004,
              6.5493645668029785,
              89.96428680419922,
              197.92820739746094,
              65.73397064208984,
              2.5108535289764404,
              27.574316024780273,
              20.748991012573242,
              -8.660780906677246,
              -5.642122745513916
            ],
            [
              -188.50209045410156,
              77.53217315673828,
              66.74916076660156,
              45.29127883911133,
              24.038475036621094,
              28.529706954956055,
              65.73397064208984,
              145.40359497070312,
              44.91993713378906,
              20.446361541748047,
              6.116562366485596,
              7.902669906616211,
              -1.6619855165481567
            ],
            [
              -91.16277313232422,
              14.84646224975586,
              53.454124450683594,
              45.81022644042969,
              41.968624114990234,
              12.372638702392578,
              2.5108535289764404,
              44.91993713378906,
              106.89263916015625,
              24.799335479736328,
              5.370426177978516,
              14.036544799804688,
              3.032658815383911
            ],
            [
              -115.62891387939453,
              75.3416976928711,
              -4.404845714569092,
              7.290670394897461,
              18.59341049194336,
              43.7559928894043,
              27.574316024780273,
              20.446361541748047,
              24.799335479736328,
              98.31532287597656,
              26.555912017822266,
              -12.418724060058594,
              -5.123600959777832
            ],
            [
              -12.389991760253906,
              8.341391563415527,
              25.37360954284668,
              1.6453787088394165,
              13.896645545959473,
              14.567398071289062,
              20.748991012573242,
              6.116562366485596,
              5.370426177978516,
              26.555912017822266,
              67.37264251708984,
              22.2508602142334,
              -2.2106332778930664
            ],
            [
              -49.14506912231445,
              13.996828079223633,
              31.77073860168457,
              29.419679641723633,
              1.8686928749084473,
              -5.7203755378723145,
              -8.660780906677246,
              7.902669906616211,
              14.036544799804688,
              -12.418724060058594,
              22.2508602142334,
              92.8919906616211,
              19.719545364379883
            ],
            [
              65.16939544677734,
              -24.64244842529297,
              4.325958728790283,
              17.28423309326172,
              22.469823837280273,
              -12.982303619384766,
              -5.642122745513916,
              -1.6619855165481567,
              3.032658815383911,
              -5.123600959777832,
              -2.2106332778930664,
              19.719545364379883,
              72.8047866821289
            ]
          ]
        },
        "metadata": {
          "length": 27.792978286743164,
          "sample_rate": 48000.0,
          "bit_rate": 192000.0,
          "codec": "mp3"
        }
      }
    },
    "genre": {
      "top_genres": [
        [
          "Funk / Soul---Funk",
          0.204678475856781
        ],
        [
          "Funk / Soul---Soul",
          0.13829253613948822
        ],
        [
          "Electronic---Disco",
          0.1352153718471527
        ],
        [
          "Funk / Soul---Disco",
          0.12425888329744339
        ],
        [
          "Electronic---House",
          0.11273530125617981
        ]
      ],
      "genre_probabilities": {
        "Blues---Boogie Woogie": 0.00012919350410811603,
        "Blues---Chicago Blues": 0.00032824583468027413,
        "Blues---Country Blues": 9.022001904668286e-05,
        "Blues---Delta Blues": 8.763176447246224e-05,
        "Blues---Electric Blues": 0.0005235985154286027,
        "Blues---Harmonica Blues": 6.507293437607586e-05,
        "Blues---Jump Blues": 1.7405905964551494e-05,
        "Blues---Louisiana Blues": 8.2469625340309e-05,
        "Blues---Modern Electric Blues": 0.0018134686397388577,
        "Blues---Piano Blues": 9.286559361498803e-05,
        "Blues---Rhythm & Blues": 0.0007912134169600904,
        "Blues---Texas Blues": 9.616259922040626e-05,
        "Brass & Military---Brass Band": 2.424187732685823e-05,
        "Brass & Military---Marches": 6.1807568272342905e-06,
        "Brass & Military---Military": 1.828210224630311e-05,
        "Children's---Educational": 0.0009861369617283344,
        "Children's---Nursery Rhymes": 0.0010278417030349374,
        "Children's---Story": 0.0008032172918319702,
        "Classical---Baroque": 6.001590008963831e-05,
        "Classical---Choral": 4.343969339970499e-05,
        "Classical---Classical": 7.754714170005172e-05,
        "Classical---Contemporary": 5.416656858869828e-05,
        "Classical---Impressionist": 6.5302692746627145e-06,
        "Classical---Medieval": 0.00012134003918617964,
        "Classical---Modern": 2.1380505131674e-05,
        "Classical---Neo-Classical": 5.796843106509186e-05,
        "Classical---Neo-Romantic": 8.713564056961332e-06,
        "Classical---Opera": 0.00010608826414681971,
        "Classical---Post-Modern": 1.2002298717561644e-05,
        "Classical---Renaissance": 9.96952257992234e-06,
        "Classical---Romantic": 4.3287018343107775e-05,
        "Electronic---Abstract": 0.004070401657372713,
        "Electronic---Acid": 0.0007664155564270914,
        "Electronic---Acid House": 0.0022733125369995832,
        "Electronic---Acid Jazz": 0.01481570117175579,
        "Electronic---Ambient": 0.008510206826031208,
        "Electronic---Bassline": 0.0003943894989788532,
        "Electronic---Beatdown": 0.002622402971610427,
        "Electronic---Berlin-School": 0.0001870225532911718,
        "Electronic---Big Beat": 0.04102083668112755,
        "Electronic---Bleep": 8.815308683551848e-05,
        "Electronic---Breakbeat": 0.016726769506931305,
        "Electronic---Breakcore": 0.0003875095571856946,
        "Electronic---Breaks": 0.01860438846051693,
        "Electronic---Broken Beat": 0.011048832908272743,
        "Electronic---Chillwave": 0.004233307205140591,
        "Electronic---Chiptune": 0.000697688723448664,
        "Electronic---Dance-pop": 0.006373253185302019,
        "Electronic---Dark Ambient": 0.0001767825015122071,
        "Electronic---Darkwave": 0.0005993636441417038,
        "Electronic---Deep House": 0.019873201847076416,
        "Electronic---Deep Techno": 0.00028805810143239796,
        "Electronic---Disco": 0.1352153718471527,
        "Electronic---Disco Polo": 0.00016075791791081429,
        "Electronic---Donk": 0.0001889965496957302,
        "Electronic---Downtempo": 0.07421121746301651,
        "Electronic---Drone": 0.00022190858726389706,
        "Electronic---Drum n Bass": 0.006304474547505379,
        "Electronic---Dub": 0.005631641484797001,
        "Electronic---Dub Techno": 0.0003563400241546333,
        "Electronic---Dubstep": 0.001021604984998703,
        "Electronic---Dungeon Synth": 5.532001978281187e-06,
        "Electronic---EBM": 0.0009625405655242503,
        "Electronic---Electro": 0.03228996321558952,
        "Electronic---Electro House": 0.0011800045613199472,
        "Electronic---Electroclash": 0.00041884867823682725,
        "Electronic---Euro House": 0.017086613923311234,
        "Electronic---Euro-Disco": 0.0075852698646485806,
        "Electronic---Eurobeat": 0.0004650116607081145,
        "Electronic---Eurodance": 0.0032840934582054615,
        "Electronic---Experimental": 0.010250421240925789,
        "Electronic---Freestyle": 0.010312441736459732,
        "Electronic---Future Jazz": 0.0069069648161530495,
        "Electronic---Gabber": 0.00017303389904554933,
        "Electronic---Garage House": 0.013154884800314903,
        "Electronic---Ghetto": 0.0017123696161434054,
        "Electronic---Ghetto House": 0.0004130266315769404,
        "Electronic---Glitch": 0.0008780583739280701,
        "Electronic---Goa Trance": 0.0001284028694499284,
        "Electronic---Grime": 0.0013293469091877341,
        "Electronic---Halftime": 2.4835344447637908e-05,
        "Electronic---Hands Up": 0.0002101301506627351,
        "Electronic---Happy Hardcore": 0.00021258048946037889,
        "Electronic---Hard House": 0.0008752100984565914,
        "Electronic---Hard Techno": 2.260783003293909e-05,
        "Electronic---Hard Trance": 0.00022454795544035733,
        "Electronic---Hardcore": 0.0006400055717676878,
        "Electronic---Hardstyle": 9.32805851334706e-05,
        "Electronic---Hi NRG": 0.006165423430502415,
        "Electronic---Hip Hop": 0.022810110822319984,
        "Electronic---Hip-House": 0.033447351306676865,
        "Electronic---House": 0.11273530125617981,
        "Electronic---IDM": 0.0012771672336384654,
        "Electronic---Illbient": 0.0013563637621700764,
        "Electronic---Industrial": 0.0008602998568676412,
        "Electronic---Italo House": 0.005301058758050203,
        "Electronic---Italo-Disco": 0.005379290319979191,
        "Electronic---Italodance": 0.004921327345073223,
        "Electronic---Jazzdance": 0.011554026044905186,
        "Electronic---Juke": 0.00026732467813417315,
        "Electronic---Jumpstyle": 0.00015629584959242493,
        "Electronic---Jungle": 0.0011712360428646207,
        "Electronic---Latin": 0.011017361655831337,
        "Electronic---Leftfield": 0.008113961666822433,
        "Electronic---Makina": 0.0002818645734805614,
        "Electronic---Minimal": 0.001535255229100585,
        "Electronic---Minimal Techno": 0.000568558054510504,
        "Electronic---Modern Classical": 0.0003083418123424053,
        "Electronic---Musique Concr\u00e8te": 0.00025410091620869935,
        "Electronic---Neofolk": 0.0011394185712561011,
        "Electronic---New Age": 0.00147860252764076,
        "Electronic---New Beat": 0.004138134885579348,
        "Electronic---New Wave": 0.00818372331559658,
        "Electronic---Noise": 0.00025203690165653825,
        "Electronic---Nu-Disco": 0.01751941628754139,
        "Electronic---Power Electronics": 0.00024116065469570458,
        "Electronic---Progressive Breaks": 0.0002377984201302752,
        "Electronic---Progressive House": 0.005604056641459465,
        "Electronic---Progressive Trance": 0.0004431607958395034,
        "Electronic---Psy-Trance": 8.270970283774659e-05,
        "Electronic---Rhythmic Noise": 0.00013441016199067235,
        "Electronic---Schranz": 9.458585736865643e-06,
        "Electronic---Sound Collage": 0.0005539516569115222,
        "Electronic---Speed Garage": 0.0015758790541440248,
        "Electronic---Speedcore": 5.119307024870068e-05,
        "Electronic---Synth-pop": 0.03334752470254898,
        "Electronic---Synthwave": 0.0029129053000360727,
        "Electronic---Tech House": 0.0034228230360895395,
        "Electronic---Tech Trance": 0.0003423519083298743,
        "Electronic---Techno": 0.004309597425162792,
        "Electronic---Trance": 0.001973034581169486,
        "Electronic---Tribal": 0.001861255383118987,
        "Electronic---Tribal House": 0.004271398764103651,
        "Electronic---Trip Hop": 0.019461698830127716,
        "Electronic---Tropical House": 0.001370936050079763,
        "Electronic---UK Garage": 0.0028289267793297768,
        "Electronic---Vaporwave": 0.016454145312309265,
        "Folk, World, & Country---African": 0.0018273579189553857,
        "Folk, World, & Country---Bluegrass": 0.0004514098691288382,
        "Folk, World, & Country---Cajun": 4.512673694989644e-05,
        "Folk, World, & Country---Canzone Napoletana": 0.00013807798677589744,
        "Folk, World, & Country---Catalan Music": 6.475049758591922e-06,
        "Folk, World, & Country---Celtic": 0.001710676122456789,
        "Folk, World, & Country---Country": 0.0006988283712416887,
        "Folk, World, & Country---Fado": 2.7213363864575513e-05,
        "Folk, World, & Country---Flamenco": 0.0015042130835354328,
        "Folk, World, & Country---Folk": 0.003092206781730056,
        "Folk, World, & Country---Gospel": 0.0037566630635410547,
        "Folk, World, & Country---Highlife": 0.0005463571869768202,
        "Folk, World, & Country---Hillbilly": 3.323482451378368e-05,
        "Folk, World, & Country---Hindustani": 0.0005911384359933436,
        "Folk, World, & Country---Honky Tonk": 5.182643508305773e-05,
        "Folk, World, & Country---Indian Classical": 0.00018825715233106166,
        "Folk, World, & Country---La\u00efk\u00f3": 0.0004986075800843537,
        "Folk, World, & Country---Nordic": 9.599804616300389e-05,
        "Folk, World, & Country---Pacific": 0.0009394200169481337,
        "Folk, World, & Country---Polka": 0.0001469290436943993,
        "Folk, World, & Country---Ra\u00ef": 4.776724017574452e-05,
        "Folk, World, & Country---Romani": 0.0013220676919445395,
        "Folk, World, & Country---Soukous": 0.00029771815752610564,
        "Folk, World, & Country---S\u00e9ga": 0.00010094977187691256,
        "Folk, World, & Country---Volksmusik": 9.999442227126565e-06,
        "Folk, World, & Country---Zouk": 0.0004932151641696692,
        "Folk, World, & Country---\u00c9ntekhno": 0.00028402075986377895,
        "Funk / Soul---Afrobeat": 0.0019944102969020605,
        "Funk / Soul---Boogie": 0.09616054594516754,
        "Funk / Soul---Contemporary R&B": 0.03156279772520065,
        "Funk / Soul---Disco": 0.12425888329744339,
        "Funk / Soul---Free Funk": 0.0029741949401795864,
        "Funk / Soul---Funk": 0.204678475856781,
        "Funk / Soul---Gospel": 0.01734056882560253,
        "Funk / Soul---Neo Soul": 0.028339704498648643,
        "Funk / Soul---New Jack Swing": 0.05730413645505905,
        "Funk / Soul---P.Funk": 0.051623836159706116,
        "Funk / Soul---Psychedelic": 0.008150717243552208,
        "Funk / Soul---Rhythm & Blues": 0.013025091961026192,
        "Funk / Soul---Soul": 0.13829253613948822,
        "Funk / Soul---Swingbeat": 0.021654825657606125,
        "Funk / Soul---UK Street Soul": 0.0025506934616714716,
        "Hip Hop---Bass Music": 0.011421730741858482,
        "Hip Hop---Boom Bap": 0.00633797375485301,
        "Hip Hop---Bounce": 0.005014750640839338,
        "Hip Hop---Britcore": 0.0010269689373672009,
        "Hip Hop---Cloud Rap": 0.001228871289640665,
        "Hip Hop---Conscious": 0.010535136796534061,
        "Hip Hop---Crunk": 0.0008601208101026714,
        "Hip Hop---Cut-up/DJ": 0.00586340157315135,
        "Hip Hop---DJ Battle Tool": 0.0019904575310647488,
        "Hip Hop---Electro": 0.00805855542421341,
        "Hip Hop---G-Funk": 0.008990303613245487,
        "Hip Hop---Gangsta": 0.011543011292815208,
        "Hip Hop---Grime": 0.0048810867592692375,
        "Hip Hop---Hardcore Hip-Hop": 0.00501889968290925,
        "Hip Hop---Horrorcore": 0.006199485622346401,
        "Hip Hop---Instrumental": 0.006752442102879286,
        "Hip Hop---Jazzy Hip-Hop": 0.01226570550352335,
        "Hip Hop---Miami Bass": 0.016071753576397896,
        "Hip Hop---Pop Rap": 0.029911596328020096,
        "Hip Hop---Ragga HipHop": 0.00481934379786253,
        "Hip Hop---RnB/Swing": 0.04177352041006088,
        "Hip Hop---Screw": 0.0006457082345150411,
        "Hip Hop---Thug Rap": 0.0016785842599347234,
        "Hip Hop---Trap": 0.001303080702200532,
        "Hip Hop---Trip Hop": 0.012637878768146038,
        "Hip Hop---Turntablism": 0.003804161911830306,
        "Jazz---Afro-Cuban Jazz": 0.0005690892576240003,
        "Jazz---Afrobeat": 0.0006241379305720329,
        "Jazz---Avant-garde Jazz": 0.00015043163148220628,
        "Jazz---Big Band": 0.00010048744297819212,
        "Jazz---Bop": 4.6882531023584306e-05,
        "Jazz---Bossa Nova": 0.0003776664088945836,
        "Jazz---Contemporary Jazz": 0.0010711879003793001,
        "Jazz---Cool Jazz": 0.00036992228706367314,
        "Jazz---Dixieland": 7.911368447821587e-05,
        "Jazz---Easy Listening": 0.0017798726912587881,
        "Jazz---Free Improvisation": 6.711499008815736e-05,
        "Jazz---Free Jazz": 0.000127509338199161,
        "Jazz---Fusion": 0.0036295654717832804,
        "Jazz---Gypsy Jazz": 0.00013255278463475406,
        "Jazz---Hard Bop": 1.3236121958470903e-05,
        "Jazz---Jazz-Funk": 0.004730625078082085,
        "Jazz---Jazz-Rock": 0.001464196597225964,
        "Jazz---Latin Jazz": 0.00038397859316319227,
        "Jazz---Modal": 6.532413681270555e-05,
        "Jazz---Post Bop": 3.5663990274770185e-05,
        "Jazz---Ragtime": 6.300699169514701e-05,
        "Jazz---Smooth Jazz": 0.002854592865332961,
        "Jazz---Soul-Jazz": 0.0016538762720301747,
        "Jazz---Space-Age": 0.0002484394353814423,
        "Jazz---Swing": 0.0003377714310772717,
        "Latin---Afro-Cuban": 0.0004596794315148145,
        "Latin---Bai\u00e3o": 3.047523023269605e-06,
        "Latin---Batucada": 7.647540769539773e-05,
        "Latin---Beguine": 1.35676145873731e-05,
        "Latin---Bolero": 6.239816138986498e-05,
        "Latin---Boogaloo": 0.00022303868900053203,
        "Latin---Bossanova": 0.00076064164750278,
        "Latin---Cha-Cha": 0.00011605070903897285,
        "Latin---Charanga": 1.7553586076246575e-05,
        "Latin---Compas": 0.00022217913647182286,
        "Latin---Cubano": 0.00016278686234727502,
        "Latin---Cumbia": 0.00015088355576153845,
        "Latin---Descarga": 3.239647048758343e-05,
        "Latin---Forr\u00f3": 3.509657472022809e-05,
        "Latin---Guaguanc\u00f3": 1.4355478924699128e-05,
        "Latin---Guajira": 8.401235390920192e-06,
        "Latin---Guaracha": 3.5999089504912263e-06,
        "Latin---MPB": 0.0012318005319684744,
        "Latin---Mambo": 0.00012838390830438584,
        "Latin---Mariachi": 6.286516872933134e-05,
        "Latin---Merengue": 3.406599716981873e-05,
        "Latin---Norte\u00f1o": 0.00016187038272619247,
        "Latin---Nueva Cancion": 3.610254134400748e-05,
        "Latin---Pachanga": 3.157733954139985e-05,
        "Latin---Porro": 3.563578275134205e-06,
        "Latin---Ranchera": 1.143956251326017e-05,
        "Latin---Reggaeton": 0.0010237214155495167,
        "Latin---Rumba": 0.0004177577793598175,
        "Latin---Salsa": 0.0006082471227273345,
        "Latin---Samba": 0.0003153699217364192,
        "Latin---Son": 3.031179767276626e-05,
        "Latin---Son Montuno": 2.2231697585084476e-06,
        "Latin---Tango": 0.0004887444083578885,
        "Latin---Tejano": 7.867686508689076e-05,
        "Latin---Vallenato": 3.56700002157595e-05,
        "Non-Music---Audiobook": 1.3007960660615936e-05,
        "Non-Music---Comedy": 0.002291218377649784,
        "Non-Music---Dialogue": 0.0003810918133240193,
        "Non-Music---Education": 3.641567309387028e-05,
        "Non-Music---Field Recording": 9.958091686712578e-05,
        "Non-Music---Interview": 0.003946125973016024,
        "Non-Music---Monolog": 3.0229952244553715e-05,
        "Non-Music---Poetry": 0.0007704723975621164,
        "Non-Music---Political": 0.00021675258176401258,
        "Non-Music---Promotional": 0.0003984810027759522,
        "Non-Music---Radioplay": 0.0005753247532993555,
        "Non-Music---Religious": 0.0013931578723713756,
        "Non-Music---Spoken Word": 0.0006396235548891127,
        "Pop---Ballad": 0.016981514170765877,
        "Pop---Bollywood": 0.0008312299032695591,
        "Pop---Bubblegum": 0.013990224339067936,
        "Pop---Chanson": 0.0036114780232310295,
        "Pop---City Pop": 0.0012394575169309974,
        "Pop---Europop": 0.028235308825969696,
        "Pop---Indie Pop": 0.008533227257430553,
        "Pop---J-pop": 0.005014421418309212,
        "Pop---K-pop": 0.003084964584559202,
        "Pop---Kay\u014dkyoku": 0.002235682215541601,
        "Pop---Light Music": 0.0002812148304656148,
        "Pop---Music Hall": 0.001555423135869205,
        "Pop---Novelty": 0.010829435661435127,
        "Pop---Parody": 0.015994878485798836,
        "Pop---Schlager": 0.001061592367477715,
        "Pop---Vocal": 0.013222629204392433,
        "Reggae---Calypso": 0.0021877619437873363,
        "Reggae---Dancehall": 0.002625805325806141,
        "Reggae---Dub": 0.002794999396428466,
        "Reggae---Lovers Rock": 0.003728441661223769,
        "Reggae---Ragga": 0.002698910888284445,
        "Reggae---Reggae": 0.015860827639698982,
        "Reggae---Reggae-Pop": 0.030842702835798264,
        "Reggae---Rocksteady": 0.0009189138654619455,
        "Reggae---Roots Reggae": 0.0024938667193055153,
        "Reggae---Ska": 0.0033294567838311195,
        "Reggae---Soca": 0.0013462671777233481,
        "Rock---AOR": 0.00449324818328023,
        "Rock---Acid Rock": 0.0023124481085687876,
        "Rock---Acoustic": 0.0029961494728922844,
        "Rock---Alternative Rock": 0.04311073198914528,
        "Rock---Arena Rock": 0.0022226034197956324,
        "Rock---Art Rock": 0.003779619699344039,
        "Rock---Atmospheric Black Metal": 2.7121792300022207e-05,
        "Rock---Avantgarde": 0.001466479734517634,
        "Rock---Beat": 0.0011265788925811648,
        "Rock---Black Metal": 0.00038543512346222997,
        "Rock---Blues Rock": 0.004818934015929699,
        "Rock---Brit Pop": 0.025238487869501114,
        "Rock---Classic Rock": 0.010511558502912521,
        "Rock---Coldwave": 0.00017411184671800584,
        "Rock---Country Rock": 0.004415406845510006,
        "Rock---Crust": 3.0374709240277298e-05,
        "Rock---Death Metal": 0.00045175853301770985,
        "Rock---Deathcore": 3.168141847709194e-05,
        "Rock---Deathrock": 0.00011158032430103049,
        "Rock---Depressive Black Metal": 3.538397140800953e-05,
        "Rock---Doo Wop": 0.0006956650177016854,
        "Rock---Doom Metal": 0.0002269702235935256,
        "Rock---Dream Pop": 0.0015715578338131309,
        "Rock---Emo": 0.0003565600491128862,
        "Rock---Ethereal": 0.0009743138798512518,
        "Rock---Experimental": 0.004509590100497007,
        "Rock---Folk Metal": 0.0002732301945798099,
        "Rock---Folk Rock": 0.0067393179051578045,
        "Rock---Funeral Doom Metal": 4.889409865427297e-06,
        "Rock---Funk Metal": 0.007984781637787819,
        "Rock---Garage Rock": 0.0014954493381083012,
        "Rock---Glam": 0.010679855942726135,
        "Rock---Goregrind": 0.00011211460514459759,
        "Rock---Goth Rock": 0.000920998805668205,
        "Rock---Gothic Metal": 0.0003909589722752571,
        "Rock---Grindcore": 0.0005752684082835913,
        "Rock---Grunge": 0.0015470937360078096,
        "Rock---Hard Rock": 0.007473987061530352,
        "Rock---Hardcore": 0.0008999200072139502,
        "Rock---Heavy Metal": 0.0017407952109351754,
        "Rock---Indie Rock": 0.021573463454842567,
        "Rock---Industrial": 0.000968883978202939,
        "Rock---Krautrock": 0.004062422551214695,
        "Rock---Lo-Fi": 0.00444450369104743,
        "Rock---Lounge": 0.003244407009333372,
        "Rock---Math Rock": 0.00021726627892348915,
        "Rock---Melodic Death Metal": 4.811969120055437e-05,
        "Rock---Melodic Hardcore": 5.497017264133319e-05,
        "Rock---Metalcore": 0.00010358203144278377,
        "Rock---Mod": 0.0027714474126696587,
        "Rock---Neofolk": 0.0008876602514646947,
        "Rock---New Wave": 0.007304472848773003,
        "Rock---No Wave": 0.001521162106655538,
        "Rock---Noise": 0.00025261304108425975,
        "Rock---Noisecore": 0.0003083624760620296,
        "Rock---Nu Metal": 0.002231055637821555,
        "Rock---Oi": 0.00025528945843689144,
        "Rock---Parody": 0.009811838157474995,
        "Rock---Pop Punk": 0.0037456208374351263,
        "Rock---Pop Rock": 0.0892646461725235,
        "Rock---Pornogrind": 0.0001341424649581313,
        "Rock---Post Rock": 0.0005313363508321345,
        "Rock---Post-Hardcore": 0.00014269178791437298,
        "Rock---Post-Metal": 1.2127160516683944e-05,
        "Rock---Post-Punk": 0.001425254624336958,
        "Rock---Power Metal": 0.0001414104481227696,
        "Rock---Power Pop": 0.008161194622516632,
        "Rock---Power Violence": 0.0001973465841729194,
        "Rock---Prog Rock": 0.0037902588956058025,
        "Rock---Progressive Metal": 0.0001390932739013806,
        "Rock---Psychedelic Rock": 0.01073325052857399,
        "Rock---Psychobilly": 0.0006906759226694703,
        "Rock---Pub Rock": 0.0031863232143223286,
        "Rock---Punk": 0.006015385501086712,
        "Rock---Rock & Roll": 0.004736104980111122,
        "Rock---Rockabilly": 0.00034220193629153073,
        "Rock---Shoegaze": 0.0007704865420237184,
        "Rock---Ska": 0.004892865661531687,
        "Rock---Sludge Metal": 5.6642034905962646e-05,
        "Rock---Soft Rock": 0.011448419652879238,
        "Rock---Southern Rock": 0.0036380079109221697,
        "Rock---Space Rock": 0.00433576013892889,
        "Rock---Speed Metal": 0.00013914478768128902,
        "Rock---Stoner Rock": 0.0010653925128281116,
        "Rock---Surf": 0.002208452206104994,
        "Rock---Symphonic Rock": 0.001418987289071083,
        "Rock---Technical Death Metal": 1.2871673789049964e-05,
        "Rock---Thrash": 0.00016436234000138938,
        "Rock---Twist": 0.0002200537419412285,
        "Rock---Viking Metal": 0.0001471965224482119,
        "Rock---Y\u00e9-Y\u00e9": 6.354394281515852e-05,
        "Stage & Screen---Musical": 0.0018357511144131422,
        "Stage & Screen---Score": 0.00043072146945632994,
        "Stage & Screen---Soundtrack": 0.0074012973345816135,
        "Stage & Screen---Theme": 0.001559474621899426
      },
      "primary_genre": "Funk / Soul---Funk"
    },
    "mood": {
      "moods": {
        "mood_happy": "not happy",
        "mood_sad": "not sad",
        "mood_aggressive": "aggressive",
        "mood_relaxed": "not relaxed",
        "mood_party": "party",
        "mood_electronic": "electronic",
        "mood_acoustic": "acoustic"
      }
    }
  },
  "metadata": {
    "processing_time_seconds": 5.368778944015503,
    "extractors_used": [
      "genre",
      "mood"
    ],
    "extractors_successful": [
      "basic",
      "genre",
      "mood"
    ],
    "extractors_failed": []
  }
}